1995 01 01 06   154    92 10214   260    62     8 -9999 -9999
1995 01 01 09   160   105 10226   260    72     8 -9999 -9999
1995 01 01 15   150   113 10218   260    72     4 -9999 -9999
1995 01 02 06   158   110 10224   240    31     7 -9999 -9999
1995 01 02 09   194   123 10225   240    51     6 -9999 -9999
1995 01 02 12   178   136 10218   220    31     6 -9999     0
1995 01 02 15   172   137 10220     0     0     6 -9999 -9999
1995 01 03 06   100    88 10201   180    21     0 -9999     0
1995 01 03 09   162   115 10196    80    31     0 -9999 -9999
1995 01 03 12   192   133 10172    60    31     1 -9999     0
1995 01 03 15   172   133 10166    80    21     0 -9999 -9999
1995 01 04 06   110    85 10162   200    21     2 -9999     0
1995 01 04 09   174    66 10158    60    21     5 -9999 -9999
1995 01 04 12   180   115 10154   360    10     7 -9999     0
1995 01 04 15   166   133 10164    80    10     7 -9999 -9999
1995 01 05 06   114    99 10226   180    10     2 -9999     0
1995 01 05 09   170 -9999 10233    60    21     1 -9999 -9999
1995 01 05 12   182   122 10225    40    41     1 -9999     0
1995 01 05 15   154   113 10230     0     0     3 -9999 -9999
1995 01 06 04    78 -9999 10242    60    21     4 -9999     0
1995 01 06 06    78    52 10242    60    21     4 -9999     0
1995 01 06 12   176    97 10212    60    62     6 -9999     0
1995 01 07 06   112    80 10186    80    31     7 -9999     0
1995 01 07 09   174   103 10188    20    41     5 -9999 -9999
1995 01 07 12   186   130 10190   240    51     6 -9999     0
1995 01 07 15   178   136 10201   260    31     7 -9999 -9999
1995 01 08 06   116    84 10232   200    21     3 -9999 -9999
1995 01 08 09   178   125 10233    20    21     2 -9999 -9999
1995 01 08 12   180   134 10213   320    31     2 -9999     0
1995 01 08 15   162   110 10216    40    31     2 -9999 -9999
1995 01 09 06   108    79 10192    80    10     2 -9999     0
1995 01 09 12   180    54 10164    80    10     0 -9999     0
1995 01 09 15   160    72 10160    80    10     0 -9999 -9999
1995 01 10 06   126    95 10140   260    31     2 -9999     0
1995 01 10 09   162   102 10145   260    72     7 -9999 -9999
1995 01 10 12   178 -9999 10128   260    82     2 -9999    -1
1995 01 10 15   162   106 10124   260    82     2 -9999 -9999
1995 01 11 09   182    51 10117   240    72 -9999 -9999 -9999
1995 01 11 12   186    46 10100   240    82     2 -9999     0
1995 01 12 09   170    33 10158   240    51     2 -9999 -9999
1995 01 12 12   170    65 10148   240    72     1 -9999     0
1995 01 12 15   154    60 10156   240    41     1 -9999 -9999
1995 01 13 06   136    67 10197   260    51     2 -9999 -9999
1995 01 13 09   186    92 10209   240    62     2 -9999 -9999
1995 01 13 12   182    72 10202   240    98     1 -9999     0
1995 01 14 06    94    55 10208   180    21     1 -9999     0
1995 01 14 09   150    83 10197    80    10     2 -9999 -9999
1995 01 14 15   168   105 10161    80    21     6 -9999 -9999
1995 01 15 15   174    50 10146   240    51     1 -9999 -9999
1995 01 16 12   118    54 10146   240   139     7 -9999    60
1995 01 17 12   104    89 10164   220    41     8 -9999    40
1995 01 17 15 -9999 -9999 10162   220    82     7 -9999 -9999
1995 01 18 06   112    75 10202   240    51     8 -9999 -9999
1995 01 18 09   116    84 10218   240    41     8 -9999 -9999
1995 01 18 15   108    88 10228   240    31     8 -9999 -9999
1995 01 19 09   124    84 10282   260    72     7 -9999 -9999
1995 01 19 12   136    66 10280   260    72     5 -9999    10
1995 01 19 15   122    73 10280   240    82     6 -9999 -9999
1995 01 20 06   114    49 10288   220    31     7 -9999     5
1995 01 20 09   132    62 10290   240    31     7 -9999 -9999
1995 01 20 12   136    51 10272   280    31     7 -9999     0
1995 01 20 15   132    51 10268   240    21     6 -9999 -9999
1995 01 21 06    66    38 10244   180    21     2 -9999     0
1995 01 21 09   120    51 10241    80    21     3 -9999 -9999
1995 01 21 12   144    34 10220    80    31     3 -9999     0
1995 01 21 15   120    41 10220    80    21     6 -9999 -9999
1995 01 22 06    96    84 10248   220    31     7 -9999 -9999
1995 01 22 09   122   104 10252    80    41     6 -9999 -9999
1995 01 23 06   102    84 10244    80    31     7 -9999 -9999
1995 01 23 09   138    91 10249    60    51     7 -9999 -9999
1995 01 25 06   124    46 10224   260    72     7 -9999     0
1995 01 25 12   172    78 10214   260   118     2 -9999     0
1995 01 25 15   150    71 10216   260   118     6 -9999 -9999
1995 01 26 09   156   108 10238   220    31     7 -9999 -9999
1995 01 26 12   170   112 10226   220    72     7 -9999     0
1995 01 26 15   156   115 10236   220    31     7 -9999 -9999
1995 01 27 06   100    79 10257   240    10     1 -9999     0
1995 01 27 09   158   114 10261    80    21     0 -9999 -9999
1995 01 27 12   178   117 10246   260    21     1 -9999     0
1995 01 28 06    96    76 10216   200    21     1 -9999     0
1995 01 28 09   166   126 10209   280    41     4 -9999 -9999
1995 01 29 06   136   106 10196   240    41     7 -9999 -9999
1995 01 29 09   166    98 10202   240    62     5 -9999 -9999
1995 01 29 12   168   100 10190   240    72     4 -9999     0
1995 01 29 15   158   102 10198   220    41     5 -9999 -9999
1995 01 30 06   104 -9999 10213   100    21     6 -9999     0
1995 01 30 18   148    85 10204   110    10     7 -9999 -9999
1995 01 31 06   100    90 10217   180    21     1 -9999     0
1995 01 31 09   150   101 10221    40    41     0 -9999 -9999
1995 01 31 12   172    96 10210    40    41     1 -9999     0
1995 01 31 15   160   104 10209    40    62     0 -9999 -9999
1995 02 01 06    84    53 10229   180    31     6 -9999     0
1995 02 01 09   148    81 10232    60    31     6 -9999 -9999
1995 02 01 15   162    93 10217    80    10     5 -9999 -9999
1995 02 02 06    92    66 10200   180    10     0 -9999     0
1995 02 02 12   176   122 10177   260    21     2 -9999     0
1995 02 02 15   164   113 10177     0     0     4 -9999 -9999
1995 02 03 06   108    92 10173   180    21     0 -9999     0
1995 02 03 09   166   123 10172    40    21     0 -9999 -9999
1995 02 03 15   160   112 10152    40    72     0 -9999 -9999
1995 02 04 06    86    65 10098     0     0     6 -9999     0
1995 02 04 09   154    92 10093   360    10     5 -9999 -9999
1995 02 04 12   172    74 10077   240    31     6 -9999     0
1995 02 04 15   158    84 10084   220    41     5 -9999 -9999
1995 02 05 09   140    80 10109   220    51     5 -9999 -9999
1995 02 05 15   130    99 10098   220    51     7 -9999 -9999
1995 02 06 06   110    98 10116    60    31     7 -9999 -9999
1995 02 06 09   134    87 10109   240    62     8 -9999 -9999
1995 02 06 12   132    76 10086   240    82     8 -9999     5
1995 02 07 06   110    54 10050   240    51     6 -9999 -9999
1995 02 07 12    96    47 10078   240    62     8 -9999     5
1995 02 07 15    78    52 10094   240    51     8 -9999 -9999
1995 02 08 06    76    39 10113   180    21     8 -9999 -9999
1995 02 08 09   148    67 10129   240    41     5 -9999 -9999
1995 02 08 12   140    61 10137   240    62     5 -9999     3
1995 02 09 06   108    79 10204   240    51     7 -9999 -9999
1995 02 09 09   124    79 10217   240    62     8 -9999 -9999
1995 02 09 12   124    79 10217   240    62     8 -9999 -9999
1995 02 10 06    98    55 10238     0     0     1 -9999 -9999
1995 02 10 09   166    70 10241    40    31     4 -9999 -9999
1995 02 10 12   124 -9999 10226   240    51     7 -9999     0
1995 02 10 15   164    87 10230   240    41     5 -9999 -9999
1995 02 11 06    96    66 10246   180    21     1 -9999     0
1995 02 11 09   160    90 10252    40    21     1 -9999 -9999
1995 02 11 12   184   110 10241   360    41     1 -9999     0
1995 02 11 15   166   111 10240    40    31     2 -9999 -9999
1995 02 12 06    98    82 10246   180    10     1 -9999 -9999
1995 02 12 15   166   111 10225    40    31     0 -9999 -9999
1995 02 13 06   102    54 10202   180    21     0 -9999     0
1995 02 13 09   168    87 10192     0     0     0 -9999 -9999
1995 02 13 12   206   117 10164    40    72     1 -9999     0
1995 02 13 15   198    75 10153    80    41     1 -9999 -9999
1995 02 14 06   130    73 10105   200    10     7 -9999     0
1995 02 14 09   176    97 10105    80    31     5 -9999 -9999
1995 02 14 12   180   106 10092    60    72     7 -9999     0
1995 02 14 15   176   114 10094     0     0     8 -9999 -9999
1995 02 15 06   138   116 10116    80    21     7 -9999     0
1995 02 15 09   166   111 10149    40    31     6 -9999 -9999
1995 02 15 12   176   122 10146   240    41     3 -9999     0
1995 02 15 15   138    83 10153   240    72     6 -9999 -9999
1995 02 16 06   108    71 10192   220    21     3 -9999 -9999
1995 02 16 09   172   117 10197   240    41     3 -9999 -9999
1995 02 16 15   164    96 10190     0     0     3 -9999 -9999
1995 02 17 12   184    89 10182    40    10     2 -9999     0
1995 02 17 15   174   108 10180   320    21     2 -9999 -9999
1995 02 18 06   114    82 10210   220    21     1 -9999     0
1995 02 18 09   172   110 10218    40    31     1 -9999 -9999
1995 02 18 12   184   115 10209   240    31     4 -9999     0
1995 02 19 06   108    92 10241   180    10     0 -9999     0
1995 02 19 09   168   113 10246    20    21     1 -9999 -9999
1995 02 19 12   176   114 10234   360    21     1 -9999     0
1995 02 19 15   164   117 10229   320    21     0 -9999 -9999
1995 02 20 06   110    92 10229   180    21     7 -9999     0
1995 02 20 09   166   111 10225    20    21     7 -9999 -9999
1995 02 20 12   176   101 10209   280    21 -9999 -9999     0
1995 02 20 15   160   116 10201     0     0     8 -9999 -9999
1995 02 22 06   136   106 10145    80    10     7 -9999     0
1995 02 22 09   144   115 10150    60    41     7 -9999 -9999
1995 02 22 12   162   110 10145    40    98     7 -9999     5
1995 02 22 15   158   102 10158    60    72     6 -9999 -9999
1995 02 23 06   134   100 10204   240    10     1 -9999     0
1995 02 23 12   186    87 10202   360    31     0 -9999     0
1995 02 24 06   100    42 10222   180    41     0 -9999     0
1995 02 24 12   174    76 10192    20    51     0 -9999     0
1995 02 25 06   114    86 10158     0     0     0 -9999     0
1995 02 25 09   176    79 10148    40    21     0 -9999 -9999
1995 02 25 12   210   105 10126    60    51     0 -9999     0
1995 02 25 15   184   120 10134   220    21     0 -9999 -9999
1995 02 26 06   128    93 10160   240    10     0 -9999     0
1995 02 26 09   176   106 -9999    40    10     2 -9999 -9999
1995 02 26 15   162   119 10180   240    51     7 -9999 -9999
1995 02 27 06   130    89 10233   220    31     1 -9999 -9999
1995 02 27 12   180   127 10237   260    41     2 -9999     0
1995 02 28 06   144   102 10242    80    21     0 -9999     0
1995 02 28 09   176   118 10238    40    41     0 -9999 -9999
1995 02 28 12   178   132 10222   360    41     1 -9999     0
1995 02 28 15   170   131 10216    40    31     7 -9999 -9999
1995 03 01 06   132   113 10194   240    10     4 -9999     0
1995 03 01 09   170   123 10194   340    21     2 -9999 -9999
1995 03 01 12   180   127 10177   280    31     2 -9999     0
1995 03 01 15   166   131 10174    20    31     6 -9999 -9999
1995 03 02 06   136   110 10188     0     0     0 -9999     0
1995 03 02 09   194   111 10186    40    82     0 -9999 -9999
1995 03 02 15   214    92 10178    60    72     0 -9999 -9999
1995 03 03 06   128    71 10208     0     0     0 -9999     0
1995 03 03 09   192   104 10214    40    21     0 -9999 -9999
1995 03 03 12   218   132 10201   260    31     0 -9999     0
1995 03 03 15   190   135 10192     0     0     0 -9999 -9999
1995 03 04 06   150    83 10182   220    10     4 -9999     0
1995 03 04 09   198   112 10184    60    21     1 -9999 -9999
1995 03 04 15   220   114 10169   280    10     0 -9999 -9999
1995 03 05 06   156    95 10172   220    10     6 -9999     0
1995 03 05 15   198   132 10149   240    62     5 -9999 -9999
1995 03 06 06   146    96 10128    60    41     4 -9999     0
1995 03 06 09   192    95 10128    60    62     7 -9999 -9999
1995 03 06 12   200   150 10113   240    82     4 -9999     0
1995 03 06 15   200    87 10100   240    82     1 -9999 -9999
1995 03 07 12   156   108 10165   260    82     6 -9999    10
1995 03 07 15   164   128 10166   260    72     1 -9999 -9999
1995 03 08 12   178   100 10208   220    31     7 -9999     0
1995 03 09 06   158   114 10201   220    31     6 -9999     0
1995 03 12 06   145    85 10153   200    72     5 -9999 -9999
1995 03 12 09   176    69 10154   240    72     6 -9999 -9999
1995 03 12 15   158    70 10160   220    41     5 -9999 -9999
1995 03 13 06    40   -21 -9999   140    10     1 -9999 -9999
1995 03 15 15   198   128 10065   240    87     1 -9999 -9999
1995 03 18 09   168   113 10168   240    51     7 -9999 -9999
1995 03 18 12   158   110 10162   240    31     8 -9999     0
1995 03 18 15   158   110 10148   220    21     8 -9999 -9999
1995 03 19 15   170   112 10168    40    31     1 -9999 -9999
1995 03 21 06   156    99 10184     0     0     0 -9999     0
1995 03 21 12   150   -33 10164   190    36     0 -9999 -9999
1995 03 22 15   120 -9999 10153   280    21     0 -9999     0
1995 03 24 06   150   125 10125   240    72     7 -9999 -9999
1995 03 24 12   170    90 10121   240    87     5 -9999     0
1995 03 24 15   144    94 10117   240    62     7 -9999 -9999
1995 03 26 12   138    32 10198   240    98     6 -9999    30
1995 03 27 06   130    43 10238   220    41     1 -9999 -9999
1995 03 27 12   170    65 10228   240    62     5 -9999     0
1995 03 27 15   158    75 10217   240   411     6 -9999 -9999
1995 03 28 15   170   115 10207   280    21     2 -9999 -9999
1995 03 29 06   150    92 10152    40    31     0 -9999     0
1995 03 29 09   184   105 10144   240    51     4 -9999 -9999
1995 03 30 06   162   110 10125   240    82     6 -9999     0
1995 03 30 09   184    98 10144   240    98     4 -9999 -9999
1995 03 30 12   182   113 10153   240    82     3 -9999     0
1995 03 30 15   166    94 10164   240    62     6 -9999 -9999
1995 03 31 06   146   100 10196   220    21     2 -9999     0
1995 03 31 18    84     0 10186     0     0     2 -9999 -9999
1995 04 01 06   172   122 10145    40    10     7 -9999     0
1995 04 01 09   218   106 10130    40    21     7 -9999 -9999
1995 04 02 06   124   109 10113   220    41     8 -9999 -9999
1995 04 02 09   124   109 10113   220    41     8 -9999 -9999
1995 04 02 15   146    78 10104   240    51     5 -9999 -9999
1995 04 03 06    98    73 10114   240    31     7 -9999 -9999
1995 04 04 09   148    62 10214   240    41     4 -9999 -9999
1995 04 04 12   164    71 10212   240    41     2 -9999     0
1995 04 04 15   154    54 10217   240    62     1 -9999 -9999
1995 04 05 09   170    94 10253   260    31     1 -9999 -9999
1995 04 05 12   174   103 10246   260    21     1 -9999     0
1995 04 05 15   166    94 10238    20    21     0 -9999 -9999
1995 04 06 06   156    95 10244    60    21     0 -9999     0
1995 04 06 09   176   101 10241    40    31     0 -9999 -9999
1995 04 06 12   188   132 10233   280    31     0 -9999     0
1995 04 07 06   156   120 10192    40    31     3 -9999     0
1995 04 07 12   196   145 10172    40    41     6 -9999     0
1995 04 07 15   194   165 10161    40    31     4 -9999 -9999
1995 04 08 06   172    83 10117   240    31     8 -9999     0
1995 04 08 09   180   160 10121   220    31     8 -9999 -9999
1995 04 08 12   190   160 10112   260    41     7 -9999     0
1995 04 08 15   180   163 10086    40    21     8 -9999 -9999
1995 04 09 06   168   117 10022   220    10     8 -9999     0
1995 04 09 12   256   113 10022   240    82     5 -9999 -9999
1995 04 09 15   226   108 10018   240    62     0 -9999 -9999
1995 04 10 06   184   139 10080   240    98     3 -9999     0
1995 04 10 12   198   124 10088   240   129     2 -9999     0
1995 04 11 06   140    41 10162   240    72     7 -9999 -9999
1995 04 11 09   156    67 -9999   240    87     7 -9999 -9999
1995 04 11 12   158    79 10174   240    72     7 -9999     0
1995 04 11 15   154    74 10174   220    62     7 -9999 -9999
1995 04 12 06   148    77 10185   240    10     8 -9999     0
1995 04 12 09   166    89 10188   280    21     6 -9999 -9999
1995 04 12 12   170    94 10168   280    31     8 -9999     0
1995 04 12 15   156    86 10154    40    41     8 -9999 -9999
1995 04 13 06   166   111 10125    40    21     0 -9999     0
1995 04 13 09   184   131 10122   360    31     0 -9999 -9999
1995 04 14 06   164   100 10150   240    82     5 -9999 -9999
1995 04 14 09   182   109 10165   240   108     5 -9999 -9999
1995 04 14 12   182   103 10161   220    82     2 -9999     0
1995 04 14 15   176   106 10170   220    72     3 -9999 -9999
1995 04 15 06   168   117 10184   360    10     1 -9999     0
1995 04 15 09   180   127 10184   360    21     6 -9999 -9999
1995 04 15 12   186   126 10174   220    21     6 -9999     0
1995 04 15 15   176   118 10166    40    21     3 -9999 -9999
1995 04 16 06   160   120 10149    40    41     0 -9999     0
1995 04 16 09   188   123 10144    20    51     1 -9999 -9999
1995 04 16 12   184   124 10137    20    62     7 -9999     0
1995 04 16 15   176   134 10124    20    62     7 -9999 -9999
1995 04 17 06   182   113 10086   280    21     3 -9999     0
1995 04 17 12   238   115 10082   240    72     8 -9999     0
1995 04 17 15   214   147 10080   240    62     8 -9999 -9999
1995 04 18 06   172   155 10032    60    31     8 -9999 -9999
1995 04 18 09   166   149 10048   360    82     8 -9999 -9999
1995 04 18 12   156   146 10068    40    21     8 -9999   130
1995 04 18 15   170   153 10058   270    41     7 -9999 -9999
1995 04 19 06   168   100 10112   240   108     5 -9999 -9999
1995 04 19 09   186    99 10126   240   118     3 -9999 -9999
1995 04 20 12   178   112 10152   220    41     6 -9999     0
1995 04 20 15   178   117 -9999   360    21     2 -9999 -9999
1995 04 21 06   164 -9999 10154   200    31     5 -9999     0
1995 04 21 09   190   122 10158   240    31     1 -9999 -9999
1995 04 21 12   190   142 10158   280    31     3 -9999     0
1995 04 21 15   180   134 10154   280    31     7 -9999 -9999
1995 04 22 06   178   144 10164    40    21     1 -9999 -9999
1995 04 22 09   194   147 10172   360    21     1 -9999 -9999
1995 04 22 12   200   153 10166   240    21     1 -9999     0
1995 04 23 06   182    87 10166   240    41     0 -9999     0
1995 04 23 09   198   148 10161   240    72     0 -9999 -9999
1995 04 23 12   202   152 10152   240    51     0 -9999     0
1995 04 23 15   192   155 10145   220    41     0 -9999 -9999
1995 04 24 06   174   124 10136   360    10     4 -9999     0
1995 04 24 15   194   157 10121   220    10     6 -9999 -9999
1995 04 25 06   194   165 10141   240    31     0 -9999     0
1995 04 25 09   204   168 10144   240    41     1 -9999 -9999
1995 04 25 12   208   169 10138   240    62     1 -9999     0
1995 04 25 15   204   175 10137   240    51     1 -9999 -9999
1995 04 26 06   182   122 10152    40    21     0 -9999     0
1995 04 26 09   208   162 10145    40    31     0 -9999 -9999
1995 04 26 12   214   179 10144    20    31     0 -9999     0
1995 04 26 15   210   134 10138    60    31     0 -9999 -9999
1995 04 27 06   200   127 10125    60    10     0 -9999     0
1995 04 27 09   220   154 10130    80    10     1 -9999 -9999
1995 04 27 15   224   158 10114    60    10     3 -9999 -9999
1995 04 28 06   230   154 10073   250    10     5 -9999     0
1995 04 28 09   282   104 10064    60    31     7 -9999 -9999
1995 04 28 12   268   143 10061   240    98     7 -9999     0
1995 04 28 15   222   177 10079   240    72     7 -9999 -9999
1995 04 29 06   198   140 10146   220    31     1 -9999     0
1995 04 29 09 -9999 -9999 10152   240    82     4 -9999 -9999
1995 04 29 12   206   160 10156   240    72     5 -9999     0
1995 04 29 15   200   161 10149   220    31     2 -9999 -9999
1995 04 30 06   180   153 10126    60    21     3 -9999     0
1995 04 30 09   202   166 10122   360    21     4 -9999 -9999
1995 04 30 12   210   176 10112   260    21     5 -9999     0
1995 04 30 15   220   178 10093   260    10     2 -9999 -9999
1995 05 01 06   194   161 10066    80    21     8 -9999     0
1995 05 01 09   222   171 10045    60    62     7 -9999 -9999
1995 05 01 15   246   147 10009    40    51     7 -9999    -1
1995 05 02 09   224   162 10104   240   129     1 -9999 -9999
1995 05 02 12   220   161 10120   240   129     1 -9999     0
1995 05 02 15   210   154 10121   240    98     2 -9999 -9999
1995 05 03 06   192   133 10157   240    10     2 -9999     0
1995 05 03 09   198   144 10169   280    41     2 -9999 -9999
1995 05 03 12   194   150 10164   280    41     7 -9999     0
1995 05 03 15   196    -9 -9999   220    31     1 -9999 -9999
1995 05 03 18   190     0 10114     0     0     3 -9999     0
1995 05 04 06   188   136 10153   240    41     6 -9999     0
1995 05 04 09   202   137 10157   240    72     5 -9999 -9999
1995 05 04 12   194   143 10144   220    62     4 -9999     0
1995 05 04 15   198   132 10140   220    51     5 -9999 -9999
1995 05 05 06   194   107 10133   240    72     6 -9999     0
1995 05 05 09   206   126 10133   240   129     7 -9999 -9999
1995 05 05 12   200   138 10125   240    98     7 -9999     0
1995 05 06 06   150   117 10124   240    62     6 -9999 -9999
1995 05 06 09   190   117 10132   240    82     3 -9999 -9999
1995 05 06 12   196    91 10136   240    98     3 -9999     0
1995 05 06 15   188   112 10140   240    87     2 -9999 -9999
1995 05 07 06   182   117 10176   240    98     6 -9999 -9999
1995 05 07 09   198   103 10188   240    98     4 -9999 -9999
1995 05 07 12   204   119 10189   240   108     2 -9999     0
1995 05 08 03 -9999 -9999 10135     0     0     5 -9999 -9999
1995 05 08 06   194    93 10230   240    62     1 -9999 -9999
1995 05 08 09   202   132 10236   240   108     1 -9999 -9999
1995 05 08 12   204   135 10230   240   108     1 -9999     0
1995 05 09 06   186   114 10220   340 -9999     1 -9999     0
1995 05 09 09   198   144 10220   280    51     2 -9999     0
1995 05 09 12   202   148 10212   280    31     2 -9999     0
1995 05 09 15   198   149 10198   280    31     1 -9999 -9999
1995 05 10 06   182   148 10178    20    21     3 -9999     0
1995 05 10 12   202   148 10157   320    31     1 -9999     0
1995 05 10 14   202   148 10157   320    31     1 -9999     0
1995 05 10 15   200   153 10148   280    21     1 -9999 -9999
1995 05 11 06   188   147 10149    60    41     0 -9999     0
1995 05 11 09   220   157 10152   360    31     0 -9999 -9999
1995 05 11 12   212   166 10145    40    31     1 -9999     0
1995 05 11 15   204   168 10141    20    31     0 -9999 -9999
1995 05 12 06   194   165 10173    60    21     1 -9999     0
1995 05 12 09   212   177 10178   360    21     1 -9999 -9999
1995 05 12 11 -9999 -9999 -9999    20    41     1 -9999     0
1995 05 12 12   218   180 10173    20    41     1 -9999     0
1995 05 12 15   210   178 10170   360    10     1 -9999 -9999
1995 05 13 06   206   181 10178   240    21     1 -9999     0
1995 05 13 09   222   190 10178   260    41     1 -9999 -9999
1995 05 13 15   218   193 10154    60    21     0 -9999 -9999
1995 05 14 06   216   188 10141   240    31     1 -9999     0
1995 05 14 09   226   188 10138   280    31     2 -9999 -9999
1995 05 14 12   238   185 10134   280    21     3 -9999     0
1995 05 14 15   236   190 10122   280    21     1 -9999 -9999
1995 05 15 06   214    47 10124     0     0     0 -9999     0
1995 05 15 12   238   205 10126   280    31     0 -9999     0
1995 05 15 15   236   172 10117   260    21     0 -9999 -9999
1995 05 15 18   194    36 -9999     0     0     2 -9999     0
1995 05 16 06   198   169 10142   240    41     7 -9999     0
1995 05 16 09   210   164 10145   260    87 -9999 -9999 -9999
1995 05 16 12   216   164 10144   260    98     7 -9999     0
1995 05 16 15   216   164 10144   260    98     7 -9999     0
1995 05 17 06   200   146 10134   240    41     6 -9999     0
1995 05 17 09   212   148 10137   240    72     6 -9999 -9999
1995 05 17 12   204   143 10138   240    62     7 -9999     0
1995 05 17 15   212   141 10132   240    51     6 -9999 -9999
1995 05 18 06   202   145 -9999    20    10     0 -9999     0
1995 05 18 09   216   164 10146   240    41     0 -9999 -9999
1995 05 18 12   224   173 10142   220    51     2 -9999     0
1995 05 18 15   216   178 10136   220    31     2 -9999 -9999
1995 05 19 06   208   162 10142    20    10     0 -9999     0
1995 05 19 09   226   175 10141   260    41     0 -9999 -9999
1995 05 19 15   222   174 10142   240    21     0 -9999 -9999
1995 05 20 09   236   179 10135   280    21     0 -9999 -9999
1995 05 20 12   242   176 10134    20    10     0 -9999     0
1995 05 20 15   240   167 10128    40    21     0 -9999 -9999
1995 05 21 06   232   185 10160    20    51     0 -9999     0
1995 05 21 09   230   189 10165   280    51     0 -9999 -9999
1995 05 21 12   236   193 10165   280    31     0 -9999     0
1995 05 21 15   230   193 10157   360    10     0 -9999 -9999
1995 05 22 06   230   199 10142   260    51     0 -9999     0
1995 05 22 09   252   210 10133   260    31     0 -9999 -9999
1995 05 22 12   272   219 10131   240    31     0 -9999     0
1995 05 23 06   282   158 10084    80    21     0 -9999     0
1995 05 23 09   336   125 10078    60    31     0 -9999 -9999
1995 05 23 12   290   197 10077    40    10     0 -9999     0
1995 05 23 15   338    91 10070    60    21     1 -9999 -9999
1995 05 24 06   264   190 10084   220    10     0 -9999     0
1995 05 24 09   270   217 10085   240    31     0 -9999 -9999
1995 05 24 12   278   200 10085   260    21     2 -9999     0
1995 05 25 06   252   213 10105    40    31     3 -9999     0
1995 05 25 09   250   214 10098   260    62     4 -9999 -9999
1995 05 25 15   246   216 10088   260    51     5 -9999 -9999
1995 05 26 06   242   206 10098   280    41     5 -9999     0
1995 05 26 09   252   216 10106   260    31     5 -9999 -9999
1995 05 26 12   246   210 10101   260    72     4 -9999     0
1995 05 26 15   240   210 10101   240    62     4 -9999 -9999
1995 05 27 06   232   201 10113   240    31     4 -9999     0
1995 05 27 09   246   204 10118   260    41     8 -9999 -9999
1995 05 27 12   246   210 10160   290    41     3 -9999     0
1995 05 27 15   242   209 10110   260    41     7 -9999 -9999
1995 05 28 06   238   214 10120   260    21     7 -9999     0
1995 05 28 09   250   214 10124   260    41     7 -9999 -9999
1995 05 28 12   252   210 10121   260    41     7 -9999     0
1995 05 29 06   240   197 10124   280    21     2 -9999     0
1995 05 29 09   256   223 10134   260    31     4 -9999 -9999
1995 05 29 12   266   219 10130 -9999 -9999     2 -9999     0
1995 05 29 15   258   214 10116   240    31     1 -9999 -9999
1995 05 30 01   240   130 -9999   280    21     3 -9999     0
1995 05 30 06   240   213 10124   280    21     3 -9999     0
1995 05 30 09   260   219 10132   280    31     2 -9999 -9999
1995 05 30 12   262   221 10126   280    41     1 -9999     0
1995 05 30 15   256   214 10109   280    31     0 -9999 -9999
1995 05 31 09   242   196 10134   260    62     7 -9999 -9999
1995 06 01 06   228   184 10137   260    31     6 -9999     0
1995 06 01 09   248   183 10136   240    62     3 -9999 -9999
1995 06 01 12   236   190 10137   240    51     6 -9999     0
1995 06 01 15   242   186 10128   240    51     2 -9999 -9999
1995 06 02 06   238   178 10137   360    21     0 -9999     0
1995 06 02 12   258   196 10141   260    41     1 -9999     0
1995 06 02 15   248   203 10136   260    31 -9999 -9999 -9999
1995 06 03 09   262   204 10145   260    87     1 -9999 -9999
1995 06 03 12   262   208 10145   240    87     1 -9999     0
1995 06 04 00   292 -9999 -9999   360    51 -9999 -9999     0
1995 06 04 06   250   185 10134   220    72     1 -9999     0
1995 06 04 09   262   204 10136   220    98     1 -9999 -9999
1995 06 04 12   258   211 10135   220    62     5 -9999     0
1995 06 04 15   240   204 10132   220    51     6 -9999 -9999
1995 06 05 06   136 -9999 10137   240    31     3 -9999     0
1995 06 05 09   250   188 10138   260    41     1 -9999 -9999
1995 06 05 12   252   139 10132   260    41     3 -9999     0
1995 06 05 14   252   139 10132   260    41     3 -9999     0
1995 06 05 15   246   197 10126   260    31     6 -9999 -9999
1995 06 06 06   232   185 10133   260    21     7 -9999     0
1995 06 06 09   250   194 10129   260    72     3 -9999 -9999
1995 06 07 06   246   194 10128   260    41     0 -9999     0
1995 06 07 09   256   208 10136   240    72     1 -9999 -9999
1995 06 07 12   260   216 10130   240    51     2 -9999     0
1995 06 07 17   260 -9999 -9999   240    51     2 -9999     0
1995 06 08 06   250   199 10109    60    41     0 -9999     0
1995 06 08 09   264   217 10108   280    21     5 -9999 -9999
1995 06 08 12   276   207 10093    20    21     5 -9999     0
1995 06 09 06   250   199 10110   260   139     1 -9999     0
1995 06 09 09   278   203 10120   260   149     1 -9999 -9999
1995 06 09 12   272   206 10116   260   149     1 -9999     0
1995 06 10 06   254   157 10125   220    98     2 -9999     0
1995 06 10 09   262   192 10130   240   108     1 -9999 -9999
1995 06 10 12   264   197 10133   220    98     1 -9999     0
1995 06 10 15   254   206 10130   220    62     1 -9999 -9999
1995 06 11 06   244   184 10140   240    21     1 -9999     0
1995 06 11 09   256   205 10142   260    41     1 -9999 -9999
1995 06 12 06   248   189 10146   360    21     0 -9999     0
1995 06 12 09   270   204 10144    40    41     0 -9999 -9999
1995 06 12 12   264   220 10141   280    31     0 -9999     0
1995 06 13 06   264   197 10129   260    21     0 -9999     0
1995 06 13 09   276   197 10126   240    31     0 -9999 -9999
1995 06 13 12   282   184 10109   220    41     2 -9999 -9999
1995 06 14 06   266   222 10105    40    21     1 -9999     0
1995 06 14 09   276   236 10108   280    41 -9999 -9999 -9999
1995 06 14 12   294   231 10102   280    51     0 -9999     0
1995 06 15 06   268   230 10104    20    31     0 -9999     0
1995 06 15 09   278   241 10113   260    41     0 -9999 -9999
1995 06 15 12   284   210 10077    60    51     0 -9999     0
1995 06 16 06   270   236 10090   240    72     4 -9999     0
1995 06 16 09   284   196 10095   240    72     0 -9999 -9999
1995 06 16 12   300   208 10090   240    82     0 -9999     0
1995 06 16 15   276   223 10086   240    51     2 -9999 -9999
1995 06 17 06   260   213 10105   240    31     6 -9999     0
1995 06 17 09   260   213 10100   260    31     5 -9999 -9999
1995 06 17 12   266   215 10101   280    31     3 -9999     0
1995 06 18 06   252   207 10102   260    10     8 -9999     0
1995 06 18 09   260   219 10100   260    31     8 -9999 -9999
1995 06 18 15   272   222 10084   260    31     0 -9999 -9999
1995 06 19 06   260   225 10113   240    31     2 -9999     0
1995 06 19 09   278   235 10118   240    72     1 -9999 -9999
1995 06 19 12   286   234 10116   240    41     3 -9999     0
1995 06 19 15   274   237 10112   220    51     5 -9999 -9999
1995 06 20 06   270   216 10117    40    21     0 -9999     0
1995 06 20 09   280   227 10114   240    82     0 -9999 -9999
1995 06 20 12   288   210 10113   260   108     0 -9999     0
1995 06 21 06   274   191 10109   260    98     1 -9999     0
1995 06 21 09   286   212 10112   260   108     0 -9999 -9999
1995 06 21 12   280   212 10113   260   108     0 -9999     0
1995 06 21 15   274   214 10113   260    72     0 -9999 -9999
1995 06 22 06   276   172 10112   240    31     0 -9999     0
1995 06 22 09   280   219 10114   260    31     0 -9999 -9999
1995 06 22 12   282   230 10109   260    41     0 -9999     0
1995 06 22 15   288   204 10098   360    21     0 -9999 -9999
1995 06 23 06   276   172 10098    40    21     0 -9999     0
1995 06 23 09   286   166 10098   360    21     0 -9999 -9999
1995 06 23 12   238   214 10096   280    21     0 -9999     0
1995 06 24 06   278   196 10085   360    21     0 -9999     0
1995 06 24 09   282   214 10094   260    31     0 -9999 -9999
1995 06 24 12   286   234 10085   260    31     0 -9999     0
1995 06 24 15   284   220 10078   260    10     0 -9999 -9999
1995 06 25 00   160    87 10072     0     0     0 -9999     0
1995 06 25 06   272   206 10085   360    21     2 -9999     0
1995 06 25 09   274   214 10089   240    82     1 -9999 -9999
1995 06 25 12   278   216 10092   240    82     1 -9999     0
1995 06 26 06   258   211 10096    80    21     3 -9999     0
1995 06 26 09   274   218 10094   260    31     0 -9999 -9999
1995 06 26 12 -9999 -9999 10088   260    31     0 -9999     0
1995 06 26 15   276   233 10084   260    21     0 -9999 -9999
1995 06 27 06   270   232 10082   260    21     0 -9999     0
1995 06 27 09   288   236 10081   260    72     1 -9999 -9999
1995 06 27 12   290   235 10066   260    72     1 -9999     0
1995 06 28 06   302   175 10001   240   118     0 -9999     0
1995 06 28 09   360   134  9986   220   170     0 -9999 -9999
1995 06 28 12   338   191  9985   220   180     0 -9999     0
1995 06 28 15   312   191 10001   240   139     1 -9999 -9999
1995 06 29 06   288   173 10036   240   118     1 -9999     0
1995 06 29 09   300   208 10046   240   129     1 -9999 -9999
1995 06 29 12   310   206 10050   240    98     0 -9999     0
1995 06 29 15   304   154 10064   240   108     1 -9999 -9999
1995 06 30 06   280   198 10109   260    72     0 -9999     0
1995 06 30 12   288   230 10108   260    98     0 -9999     0
1995 06 30 15   286   228 10104   260    87     0 -9999 -9999
1995 07 01 06   284   200 10100   220    72     0 -9999     0
1995 07 01 09   298   226 10085   240    98     0 -9999 -9999
1995 07 01 12   308   200 10081   220    98     0 -9999     0
1995 07 01 15   300   191 10074   220    87     0 -9999 -9999
1995 07 02 06   272   196 10018    60    21     0 -9999     0
1995 07 02 12   288   218 10002   260    10     0 -9999     0
1995 07 02 15   286   219 10010   260    10     0 -9999 -9999
1995 07 03 06   270   207 10042   240    98     1 -9999     0
1995 07 03 09   280   205 10052   240   118     1 -9999 -9999
1995 07 03 12   290   193 10053   240   118     1 -9999     0
1995 07 04 06   278   189 10098   240    72     0 -9999     0
1995 07 04 09   294   212 10102   220    87     1 -9999 -9999
1995 07 04 12   290   223 10101   220    82     1 -9999     0
1995 07 04 15   282   230 10094   220    72     1 -9999 -9999
1995 07 05 06   272   219 10096    40    10     0 -9999     0
1995 07 05 09 -9999 -9999 10086   240    41     1 -9999 -9999
1995 07 05 12   294   228 10082   240    41     0 -9999     0
1995 07 05 15   280   237 10076   260    21     0 -9999 -9999
1995 07 06 06   266   231 10061   260    31     1 -9999     0
1995 07 06 09   284   241 10065   260    72     1 -9999 -9999
1995 07 06 12   288   246 10060   260    72     0 -9999     0
1995 07 07 06   272   225 10064   220    31     0 -9999     0
1995 07 07 09   284   241 10074   220    41     2 -9999 -9999
1995 07 07 12   296   239 10073   260    51     1 -9999     0
1995 07 07 15   290   238 10070   240    41     0 -9999 -9999
1995 07 08 06   280   215 10076   340    10     0 -9999     0
1995 07 08 09   306   247 10076   260    51     1 -9999 -9999
1995 07 08 12   306   244 10070   260    72     0 -9999     0
1995 07 08 15   294   240 10064   260    62     0 -9999 -9999
1995 07 09 06   286   205 10053   260    98     1 -9999     0
1995 07 09 09   288   221 10046   260   118     0 -9999 -9999
1995 07 09 12   296   217 10038   260   118     2 -9999     0
1995 07 12 06   254   181 -9999   260    72     6 -9999     0
1995 07 12 09   254   181 10058   260    72     6 -9999     0
1995 07 13 06   268   205 10093   240    51     1 -9999     0
1995 07 13 09   276   214 10097   220    62     2 -9999 -9999
1995 07 13 12   282   218 10092   220    62     1 -9999     0
1995 07 13 15   278   219 10085   220    51     2 -9999 -9999
1995 07 14 06   264   213 10085   260    21     4 -9999     0
1995 07 14 09   268   221 10090   280 -9999     7 -9999 -9999
1995 07 14 12   276   217 10085   280    51     5 -9999     0
1995 07 14 15   276   214 10076   260    41     1 -9999 -9999
1995 07 15 06   280   198 10078   260    72     1 -9999     0
1995 07 15 09   286   216 10078   260    93     1 -9999 -9999
1995 07 15 12   284   229 10072   260    82     3 -9999     0
1995 07 16 06   276   204 10061   220    41     1 -9999     0
1995 07 16 09   288   221 10058   220    98     1 -9999 -9999
1995 07 16 12   288   233 10056   220    98     1 -9999     0
1995 07 16 15   278   225 10050   240    82     1 -9999 -9999
1995 07 17 06   278   189 10004     0     0     0 -9999     0
1995 07 17 09   288   228 10042   260    98     0 -9999 -9999
1995 07 17 12   294   228 10042   260    98     0 -9999     0
1995 07 17 15   288   230 10037   260    72     0 -9999 -9999
1995 07 18 06   282   218 10054   260    72     1 -9999     0
1995 07 18 09   294   237 -9999   260    98     0 -9999 -9999
1995 07 18 12   300   231 10049   260   118     0 -9999     0
1995 07 18 15   286   231 10052   260   118     0 -9999 -9999
1995 07 19 06   282   211 10064   220    82     1 -9999     0
1995 07 19 09   294   231 10064   240   118     1 -9999 -9999
1995 07 19 12   294   234 10058   240   129     1 -9999     0
1995 07 19 15   288   236 10053   220    87     1 -9999 -9999
1995 07 20 06   280   205 10052    60    31     1 -9999     0
1995 07 20 09   288   230 10050   260    82     0 -9999 -9999
1995 07 20 12   290   232 10044   280    87     0 -9999     0
1995 07 20 15   286   231 10036   280    72     0 -9999 -9999
1995 07 21 06   280   212 10038   260    31     1 -9999     0
1995 07 21 09   292   241 10048   260    98     1 -9999 -9999
1995 07 21 12   296   236 10034   260    98     1 -9999     0
1995 07 21 15   288   236 10026   260    72     0 -9999 -9999
1995 07 22 06   282   205 10024   260    31     0 -9999     0
1995 07 22 12   290   217 10025   240    98     1 -9999     0
1995 07 22 15   282   218 10021   240    87     1 -9999 -9999
1995 07 23 06   280   205 10038   260    72     0 -9999     0
1995 07 23 09   300   222 10037   260   108     0 -9999 -9999
1995 07 23 12   306   231 10033   260   108     1 -9999     0
1995 07 23 21 -9999 -9999 10033   260   108     1 -9999     0
1995 07 24 06   280   188 10068   260    62     1 -9999     0
1995 07 24 09   290   220 10070   260    87     0 -9999 -9999
1995 07 24 12   286   225 10068   290    98     0 -9999     0
1995 07 24 15   284   225 10068   260    72     3 -9999 -9999
1995 07 25 06   266   222 10077   260    21     1 -9999     0
1995 07 25 09 -9999 -9999 -9999    20 -9999     1 -9999 -9999
1995 07 25 12   286   231 10078   260    62     1 -9999     0
1995 07 25 15   282   230 10072   260    31     1 -9999 -9999
1995 07 26 06   270   226 10081    40    21     0 -9999     0
1995 07 26 09   286   240 10085   280    31     0 -9999 -9999
1995 07 26 12   294   246 10084   280    31     1 -9999     0
1995 07 27 06   278   206 10064    60    21     0 -9999     0
1995 07 27 09   289   241 10064   260    41     0 -9999 -9999
1995 07 27 12   300   243 10065   260    82     0 -9999     0
1995 07 27 15   292   241 10054   260    82     0 -9999 -9999
1995 07 28 06   282   218 10052    60    41     0 -9999     0
1995 07 28 09   304   245 10054   260    87     0 -9999 -9999
1995 07 28 12   304   247 10054   240   118     1 -9999     0
1995 07 28 15   292   244 10053   240    98     1 -9999 -9999
1995 07 29 09   300   228 10060   260    87     1 -9999 -9999
1995 07 29 12   300   228 10060   260    87     1 -9999 -9999
1995 07 29 15   294   243 10060   260    62     0 -9999 -9999
1995 07 30 06   270   232 10066   240    21     1 -9999     0
1995 07 30 09   286   234 10068   260    31     1 -9999 -9999
1995 07 30 12   294   240 10060   260    31     0 -9999     0
1995 07 30 15   286   240 10056   260    41     0 -9999 -9999
1995 07 31 06   276   214 10062   260    21     0 -9999     0
1995 07 31 09   290   251 10069   280    41     1 -9999 -9999
1995 07 31 12   302   245 10065   260    31     0 -9999     0
1995 07 31 15   296   251 10061   320    31     0 -9999 -9999
1995 07 31 21   244   118 -9999     0     0     0 -9999 -9999
1995 08 01 06   284   229 10078   240    10     0 -9999     0
1995 08 01 09   300   249 10082   240    21     0 -9999 -9999
1995 08 01 12   304   257 10078   260    41     0 -9999     0
1995 08 01 15   302   233 10076   280    21     0 -9999 -9999
1995 08 02 06   284   213 10076   360    10     0 -9999     0
1995 08 02 09   296   236 10076   260    72     0 -9999 -9999
1995 08 02 12   296   236 10058   260    72     1 -9999     0
1995 08 02 14   290   232 10061   260    82     1 -9999 -9999
1995 08 02 15   290   232 10061   260    82     1 -9999 -9999
1995 08 03 09   294   228 10048   240    72     1 -9999 -9999
1995 08 03 12   302   230 10041   240    87     1 -9999     0
1995 08 03 15   288 -9999 10040   220    72     3 -9999 -9999
1995 08 04 06   282   201 10054   260    62     1 -9999     0
1995 08 04 09   294   215 10060   260    72     1 -9999 -9999
1995 08 04 12   296   224 10064   260    82     1 -9999     0
1995 08 04 15   292   229 10064   260    72     0 -9999 -9999
1995 08 05 06   282   214 10092   260    62     1 -9999     0
1995 08 05 09   292   219 10092   260    72     1 -9999 -9999
1995 08 05 12   296   233 10092   260    72     3 -9999     0
1995 08 05 15   288   221 10085   260    72     1 -9999 -9999
1995 08 06 06   280   202 10077   220    41     0 -9999     0
1995 08 06 09   292   222 10074   220    72     1 -9999 -9999
1995 08 06 12   304   232 10066   220    87     1 -9999     0
1995 08 06 15   288   233 10064   220    62     0 -9999 -9999
1995 08 06 18   288   233 10064   220    62     0 -9999 -9999
1995 08 07 06   280   201 10076   260    10     0 -9999     0
1995 08 07 12   294   231 10069   280    82     6 -9999     0
1995 08 07 15   282   226 10068   260    51     7 -9999 -9999
1995 08 08 06   276   223 10072   260    31     1 -9999     0
1995 08 08 09   290   232 10076   260    41     1 -9999 -9999
1995 08 09 06   270   232 10065   260    21     3 -9999     0
1995 08 09 09   294   240 10066   280    51     1 -9999 -9999
1995 08 09 12   296   245 10065   280    62     3 -9999     0
1995 08 09 15   296   245 10054   260    41     0 -9999 -9999
1995 08 10 06   280   227 10073     0     0     2 -9999     0
1995 08 10 09   302   243 10074   260    62     1 -9999 -9999
1995 08 10 12   310   254 10070   260    87     1 -9999     0
1995 08 10 15   296   254 10070   260    62     1 -9999 -9999
1995 08 11 06   276   227 10076    40    21     0 -9999     0
1995 08 11 09   300   243 10076   240    41     0 -9999 -9999
1995 08 11 12   308   248 10069   240    51     0 -9999     0
1995 08 12 06 -9999 -9999 10069    40    21     0 -9999     0
1995 08 12 09   294   240 10070   280    31     0 -9999 -9999
1995 08 12 12   298   247 10069   320    31     0 -9999     0
1995 08 12 15   292   244 10062   360    21     0 -9999 -9999
1995 08 13 06   280   229 10069    80    10     0 -9999     0
1995 08 13 15   302   255 10069   280    21     0 -9999 -9999
1995 08 14 06   290   238 10081   240    10     0 -9999     0
1995 08 14 09   306   256 10082   240    31     0 -9999 -9999
1995 08 14 12   314   247 -9999   240    72     0 -9999     0
1995 08 14 15   308   224 10070   240    72     0 -9999 -9999
1995 08 15 09   304   242 10096   240    72     0 -9999 -9999
1995 08 15 12   308   246 10064   240    72     1 -9999     0
1995 08 15 15   296   242 10062   220    51     1 -9999 -9999
1995 08 16 00   290   217 10072   260    87     1 -9999     0
1995 08 16 06   276   207 10069    40    31     1 -9999     0
1995 08 16 09   290   217 10072   260    87     1 -9999     0
1995 08 16 12   296   214 10072   260    82     1 -9999     0
1995 08 16 15   286   219 10070   260    41     1 -9999 -9999
1995 08 17 06   280   208 10089   240    41     1 -9999     0
1995 08 18 12   280   221 10106   220    72     7 -9999     0
1995 08 19 03   270   209 10106   220    21     1 -9999     0
1995 08 19 09   288   215 10114   240    51     1 -9999 -9999
1995 08 19 12   294   231 10106   240    72     0 -9999     0
1995 08 20 06   274   221 10098   220    21     2 -9999     0
1995 08 20 09   286   231 10102   240    93     2 -9999 -9999
1995 08 20 12   294   231 10096   240    93     4 -9999     0
1995 08 20 15   282   226 10090   240    82     0 -9999 -9999
1995 08 21 06   278   196 10098    20    62     2 -9999     0
1995 08 21 09   290   220 10094   240    98     1 -9999 -9999
1995 08 21 12   282   207 10092   240    72     7 -9999     0
1995 08 22 06   278   190 10078   220   108     1 -9999     0
1995 08 22 09   290   217 10086   240   118     0 -9999 -9999
1995 08 22 12   298   232 10084   240   118     0 -9999     0
1995 08 22 15   288   186 10074   240    62     0 -9999 -9999
1995 08 23 06   280   154 10080   260    31     1 -9999     0
1995 08 23 09   292   209 10078   260    82     1 -9999 -9999
1995 08 23 12   280   215 10077   260    82     7 -9999     0
1995 08 23 15   276   217 10073   260    82     7 -9999 -9999
1995 08 24 06   276   204 10094   260    21     1 -9999     0
1995 08 24 09   284   220 10100   280    41     3 -9999 -9999
1995 08 24 15   278   219 10092   260    31     1 -9999 -9999
1995 08 25 06   272   222 10122   240    21     2 -9999     0
1995 08 25 09   284   231 10125   240    21     1 -9999 -9999
1995 08 25 12   288   233 10125   240    31     1 -9999     0
1995 08 25 15   282   233 10120   240    21     0 -9999 -9999
1995 08 26 06   276   190 10124   240    31     0 -9999     0
1995 08 26 09   296   224 10124   240    41     0 -9999 -9999
1995 08 26 12   276   190 10124   240    31     0 -9999     0
1995 08 26 15   294   208 10101   240    21     0 -9999 -9999
1995 08 27 06   286   184 10085    40    10     0 -9999     0
1995 08 27 09   298   226 10090   340    21     0 -9999 -9999
1995 08 27 12   302   248 10080   320    21     0 -9999     0
1995 08 27 15   292   235 10074   320    10     0 -9999 -9999
1995 08 28 06   290   200 10078     0     0     0 -9999     0
1995 08 28 09   308   223 10084   260    41     0 -9999 -9999
1995 08 28 12   312   238 10082   260    31     0 -9999     0
1995 08 28 15   312   259 10077   260    21     0 -9999 -9999
1995 08 29 06   290   235 10094   240    10     0 -9999     0
1995 08 29 09   316   252 10093   240    82     0 -9999 -9999
1995 08 29 12   322   207 10086   240    82     0 -9999     0
1995 08 29 13   322   207 10086   240    82     0 -9999     0
1995 08 30 06   274   202 10098   240    72     3 -9999     0
1995 08 30 09   288   204 10102   240    72     1 -9999 -9999
1995 08 30 12   292   206 10114   220    82     1 -9999     0
1995 08 30 15   282   204 10106   220    62     1 -9999 -9999
1995 08 31 06   272   203 10122   240    10     2 -9999     0
1995 08 31 09   278   206 10124   260    31     2 -9999 -9999
1995 09 01 09   280   224 10118   280    31     0 -9999 -9999
1995 09 01 12   284   229 10112   260    51     0 -9999     0
1995 09 01 15   276   223 10112   260    51     0 -9999 -9999
1995 09 01 18   276   223 10112   260    51     0 -9999 -9999
1995 09 02 06   274 -9999 10104   220    51     1 -9999     0
1995 09 02 09   290   217 10104   220   118     1 -9999 -9999
1995 09 02 12   286   212 10104   220    98     2 -9999     0
1995 09 03 06   270   176 10094 -9999 -9999     2 -9999     0
1995 09 03 09   280   181 10096   220    98     2 -9999 -9999
1995 09 03 12   282   179 10090   280   108     1 -9999     0
1995 09 04 06   266   160 10081   240    62     3 -9999     0
1995 09 04 09   274   181 10082   240    82     1 -9999 -9999
1995 09 04 12   270   173 10073   240    82     1 -9999     0
1995 09 04 15   260   173 10074   240    82     6 -9999 -9999
1995 09 04 18   260   173 10074   240    82     6 -9999 -9999
1995 09 05 06   264   172 10100   220    21     1 -9999     0
1995 09 05 09   278   203 10100   260    51     1 -9999 -9999
1995 09 05 12   280   212 10098   260    62     1 -9999     0
1995 09 05 15   270   213 10104   260    41     1 -9999 -9999
1995 09 06 06   256   205 10129    40    21     0 -9999     0
1995 09 06 09   280   231 10136   260    31     0 -9999 -9999
1995 09 06 12   282   230 10132   260    21     0 -9999     0
1995 09 06 15   272   222 10126   260    21 -9999 -9999 -9999
1995 09 07 06   280   192 10117   180     5     0 -9999     0
1995 09 07 09   286   222 10125   260    51     0 -9999 -9999
1995 09 07 12   284   220 10126   260    62     0 -9999     0
1995 09 07 15   280   221 10116   260    62     0 -9999 -9999
1995 09 08 06   274   188 10108   240    41     2 -9999     0
1995 09 08 09   294   234 10108   220    72     2 -9999 -9999
1995 09 08 12   296   230 10101   220    72     1 -9999     0
1995 09 08 15   278   216 10101   220    72     1 -9999 -9999
1995 09 09 06   258   194 10116     0     0     1 -9999     0
1995 09 09 09   282   207 10118   240    31     1 -9999 -9999
1995 09 09 12   280   208 10109   260    51     1 -9999     0
1995 09 09 15   272   219 10106   260    10     1 -9999 -9999
1995 09 10 06   262   204 10108   360    21     0 -9999     0
1995 09 10 12   284   229 10104   260    31     0 -9999     0
1995 09 10 15   270   222 10100   260    21     0 -9999 -9999
1995 09 11 06   260   193 10112    40    21     0 -9999     0
1995 09 11 09   278   225 10116    20    31     0 -9999 -9999
1995 09 11 12   284   232 10108   340    21     0 -9999     0
1995 09 11 15   276   210 10098    40    21     0 -9999 -9999
1995 09 12 06   270   232 10114   240    10     0 -9999     0
1995 09 12 09   284   238 10122   240    31     1 -9999 -9999
1995 09 12 12   290   241 10125   260    41     4 -9999     0
1995 09 12 15   284   241 10124   360    21     1 -9999 -9999
1995 09 13 05   290   248 10152   360    21     0 -9999 -9999
1995 09 13 06   282   230 10150   300    10     0 -9999     0
1995 09 13 09   290   248 10152   360    21     0 -9999 -9999
1995 09 13 12   288   243 10152   360    21     1 -9999     0
1995 09 14 06   262   221 10142   360    10     0 -9999     0
1995 09 14 09   284   238 10148   260    31     1 -9999 -9999
1995 09 14 12   286   237 10138   260    51     1 -9999     0
1995 09 15 00   160   114 -9999     0     0     0 -9999 -9999
1995 09 15 04   260   193 10133   200    31     5 -9999     0
1995 09 15 06   260   193 10133   200    31     5 -9999     0
1995 09 15 12   272   204 10133   260    62     3 -9999     0
1995 09 15 15   268   205 10126   240    41     1 -9999 -9999
1995 09 16 09   274   218 10140   320    31     0 -9999 -9999
1995 09 16 12   280   224 10130   320    41     1 -9999     0
1995 09 16 15   270   220 10128   260    41     0 -9999 -9999
1995 09 16 18   246    66 -9999   280    10     0 -9999     0
1995 09 17 09   282   214 10134   220   108     3 -9999 -9999
1995 09 17 12   282   218 10128   220    82     6 -9999     0
1995 09 18 09   284   203 10120   260    62     1 -9999 -9999
1995 09 18 12   286   212 10109   260    82     2 -9999     0
1995 09 18 15   268   214 10102   260    51     2 -9999 -9999
1995 09 19 06   268   201 10100   260    51     1 -9999     0
1995 09 19 09   284   206 10092   260    62     1 -9999 -9999
1995 09 19 12   286   209 10086   260    72     1 -9999     0
1995 09 20 06   264   172 10108   260    21     2 -9999     0
1995 09 20 09   276   153 10125   360    72     2 -9999 -9999
1995 09 20 12   276   153 10125   360    62     1 -9999     0
1995 09 20 14   266   113 10128    40    51     0 -9999 -9999
1995 09 20 15   266   113 10128    40    51     0 -9999 -9999
1995 09 21 06   240   151 10166    20    10     0 -9999     0
1995 09 21 09   272   113 10168    20    31     0 -9999 -9999
1995 09 21 12   284   147 10164    40    21     0 -9999     0
1995 09 22 06   254    91 10161    60    31     0 -9999     0
1995 09 22 09   272   151 10157    50    31     0 -9999 -9999
1995 09 22 12   276   172 10135   340    21     0 -9999     0
1995 09 23 06   254   164 10128   240    21     3 -9999     0
1995 09 23 09   274   205 10124   260    51     2 -9999 -9999
1995 09 23 12   280   202 10114   240    62     2 -9999     0
1995 09 23 15   264   203 10116   240    31     5 -9999 -9999
1995 09 24 06   276   169 10110   260    41     2 -9999     0
1995 09 24 12   286   219 10110   240   118     1 -9999     0
1995 09 24 15   278   195 10105   240   139     2 -9999 -9999
1995 09 25 06   260   185 10129   240    51     2 -9999     0
1995 09 25 09   274   195 10141   260    62     1 -9999 -9999
1995 09 25 12   270   200 10141   260    51     1 -9999     0
1995 09 25 15   258   197 10149   260    41     1 -9999 -9999
1995 09 26 06   244   188 10170    40    10     2 -9999     0
1995 09 26 09   266   196 10172   340    21     1 -9999 -9999
1995 09 26 12   270   204 10166   300    31     1 -9999     0
1995 09 26 15   260   185 10162   280    21     0 -9999 -9999
1995 09 27 06   240   151 10162    40    10     0 -9999     0
1995 09 27 09   268   177 10166   260    21     0 -9999 -9999
1995 09 27 12   276   197 10153   280    41     0 -9999     0
1995 09 27 15   262   198 10149   280    31     0 -9999 -9999
1995 09 28 06   266   168 10140   260    21     1 -9999     0
1995 09 28 09   288   215 10134   240    62     1 -9999 -9999
1995 09 28 15   232   197 10126   240    41     2 -9999 -9999
1995 09 29 06   254   199 10141   280    10     1 -9999     0
1995 09 29 09   274   218 -9999   300    31     1 -9999 -9999
1995 09 29 12   278   219 10129   300    21     1 -9999     0
1995 09 29 15   260 -9999 10130   280    10     4 -9999 -9999
1995 09 30 06   276   183 10122    90    21     3 -9999     0
1995 09 30 09   292   181 10122    40    31     4 -9999 -9999
1995 09 30 12   284   213 10120    40    41     1 -9999     0
1995 09 30 15   274   202 10116    60    10     0 -9999 -9999
1995 10 01 05   274   211 10138   360    21     1 -9999 -9999
1995 10 01 06   260   205 10136     0     0 -9999 -9999     0
1995 10 01 09   274   211 10138   360    21     1 -9999 -9999
1995 10 01 18   240   210 10132   260    10     2 -9999     0
1995 10 02 06   246   187 10126   260    72     6 -9999     0
1995 10 02 09   278   182 10117   240    98     2 -9999 -9999
1995 10 02 12   248   200 10114   240   139     7 -9999 -9999
1995 10 03 06   216   121 10169   240    31     5 -9999 -9999
1995 10 03 09   238   124 10176   260    51     2 -9999 -9999
1995 10 03 12   244   132 10176   260    41     2 -9999     0
1995 10 03 15   232   137 10178   300    21     1 -9999 -9999
1995 10 03 18   228   125 10189   360    41     4 -9999     0
1995 10 04 06   196    64 10187    40    10     0 -9999     0
1995 10 04 09   242    88 10183   360    51     0 -9999 -9999
1995 10 04 12   196    64 10187    40    10     0 -9999     0
1995 10 04 18   196    96 10170   160    31     0 -9999     0
1995 10 05 06   210   118 10160   300    21     0 -9999     0
1995 10 05 09   262    98 10166    60    31     0 -9999 -9999
1995 10 05 12   262   143 10162    20    98     0 -9999     0
1995 10 05 15   250   144 10160    60    31     0 -9999 -9999
1995 10 05 18   207   126 10164   160    10     0 -9999     0
1995 10 05 21   183   115 10164   160    10     0 -9999 -9999
1995 10 06 06   225   112 10157   360    10     0 -9999     0
1995 10 06 09   262   143 10152   280    21     0 -9999 -9999
1995 10 06 15   252   166 10151   300    21     0 -9999 -9999
1995 10 06 18   198   116 10158   180    10     0 -9999     0
1995 10 07 03   174   120 10156   100    10     0 -9999     0
1995 10 07 06   224   162 10156   320    10     0 -9999     0
1995 10 07 09   252   179 10161   280    21     0 -9999 -9999
1995 10 07 15   236   179 10143    40    10     2 -9999 -9999
1995 10 07 18   212   170 10170     0     0     1 -9999     0
1995 10 07 21   192   166 10146   160    10     0 -9999 -9999
1995 10 08 06   216   178 10136     0     0     3 -9999     0
1995 10 08 09   246   176 10142   280    41     1 -9999 -9999
1995 10 08 12   254   175 10134   260    31     3 -9999     0
1995 10 08 15   240   183 10136   280    10     2 -9999 -9999
1995 10 08 18   204   182 10140     0     0     0 -9999     0
1995 10 09 06   222   174 10134   360    10     2 -9999     0
1995 10 09 09   252   187 10137   300    31     1 -9999 -9999
1995 10 09 12   256   201 10126   280    31     4 -9999     0
1995 10 09 15   240   197 10126   360    10     4 -9999 -9999
1995 10 09 18   210   181 10130   180    10     0 -9999     0
1995 10 09 21   210   181 10130   180    10     0 -9999     0
1995 10 10 06   232   171 10131   220    31     0 -9999     0
1995 10 10 09   250   198 10128   300    41     0 -9999 -9999
1995 10 10 12   258   203 10117   280    41     0 -9999     0
1995 10 10 15   242   190 10117   240    21     0 -9999 -9999
1995 10 10 18   210   178 10123   200    10     0 -9999     0
1995 10 10 21   200   178 10125   200    21     0 -9999 -9999
1995 10 11 06   224   143 10132   220    21     0 -9999     0
1995 10 11 12   256   191 10130   280    31     1 -9999     0
1995 10 11 15   238   178 10130   260    31     1 -9999 -9999
1995 10 11 18   206   160 10135   200    21     0 -9999     0
1995 10 12 06   210   139 10153   240    10     0 -9999     0
1995 10 12 09   250   200 10157   280    41     1 -9999 -9999
1995 10 12 12   252   166 -9999   280    41     1 -9999     0
1995 10 13 06   210   161 10166   220    10     0 -9999     0
1995 10 13 09   240   170 10163   320    21     1 -9999 -9999
1995 10 13 12   248   153 10160   340    21     1 -9999     0
1995 10 13 15   230   158 10158    20    21     0 -9999 -9999
1995 10 13 18   210   153 10161   140    10     0 -9999     0
1995 10 14 06   210   172 10154   260    10     0 -9999     0
1995 10 14 09   242   179 10150   280    31     1 -9999 -9999
1995 10 14 12   250   181 10142   280    31     1 -9999     0
1995 10 14 15   238   185  9139   240    10     0 -9999 -9999
1995 10 14 18   196   167 -9999   180    10     0 -9999     0
1995 10 15 06   218   178 10127    60    21     1 -9999     0
1995 10 15 09   242   176 10128    20    21     0 -9999 -9999
1995 10 15 12   246   180 10118   300    21     1 -9999     0
1995 10 15 14   236   186 10115    40    21     2 -9999 -9999
1995 10 15 15   236   186 10115    40    21     2 -9999 -9999
1995 10 15 18   228   190 10120    20    21     2 -9999     0
1995 10 16 06   228   170 10130    60    31     1 -9999     0
1995 10 16 09   242   179 10128    20    21     0 -9999 -9999
1995 10 16 15   232   192 10124    20    31     4 -9999 -9999
1995 10 17 06   228   190 10145   120    10     2 -9999     0
1995 10 17 09   242   190 10150   320    21     2 -9999 -9999
1995 10 17 15   236   196 10153   240    21     7 -9999 -9999
1995 10 17 18   224   190 10163   200    21     6 -9999     0
1995 10 18 06   228   190 10176    60    10     1 -9999     0
1995 10 18 09   250   194 10176   280    31     1 -9999 -9999
1995 10 18 12   252   190 10167   280    41     2 -9999     0
1995 10 18 15   238   189 10167   320    21     1 -9999 -9999
1995 10 18 18   206   174 10173     0     0     0 -9999     0
1995 10 19 06   214   182 10171     0     0     0 -9999     0
1995 10 19 08   250   188 10154   280    31     0 -9999     0
1995 10 19 09 -9999 -9999 10168   340    10     0 -9999 -9999
1995 10 19 12   250   188 10154   280    31     0 -9999     0
1995 10 19 15   236   172 10150   260    10     7 -9999 -9999
1995 10 19 18   222   177 10153   200    10     7 -9999     0
1995 10 20 06   228   148 10144   180    31     1 -9999     0
1995 10 20 09   256   181 10138   260    51     1 -9999 -9999
1995 10 20 12   254   186 10124   240    51     1 -9999     0
1995 10 20 15   236   190 10130   240    51     4 -9999 -9999
1995 10 21 06   228   178 10162   220    10     1 -9999     0
1995 10 21 09   248   178 10152   340    21     1 -9999 -9999
1995 10 21 12   248   183 10146   260    41     3 -9999     0
1995 10 21 18   110    19 -9999     0     0     0 -9999     0
1995 10 22 06   208   159 10163   280    10     0 -9999     0
1995 10 22 09   240   166 10157   280    31     1 -9999 -9999
1995 10 22 12   246   173 -9999   260    31     1 -9999     0
1995 10 22 18   210   161 10155   180    10     3 -9999     0
1995 10 22 21   204   150 10156 -9999 -9999     1 -9999 -9999
1995 10 23 06   220   138 10161   220    41     2 -9999     0
1995 10 23 09   242   165 10162   260    51     4 -9999 -9999
1995 10 23 12   244   167 10155   260    51     6 -9999     0
1995 10 23 15   228   156 10157   240    31     6 -9999 -9999
1995 10 23 18   278   152 10166     0     0     4 -9999     0
1995 10 24 06   212   159 10178    40    10     0 -9999     0
1995 10 24 09   244   159 10181   360    21     1 -9999 -9999
1995 10 24 12   250   159 10179   240    21     2 -9999     0
1995 10 24 15   232   175 10184    60    21     2 -9999 -9999
1995 10 25 06   224   135 10183     0     0     2 -9999     0
1995 10 25 09   276   169 10182    40    31     2 -9999 -9999
1995 10 25 12   272   225 10173   360    21     8 -9999     0
1995 10 25 15   248   179 10175   160    10     4 -9999 -9999
1995 10 25 18   212   159 10177   180    10     3 -9999     0
1995 10 26 06   230    96 10168    80    10     5 -9999     0
1995 10 26 12   294   190 10143    60    31     2 -9999     0
1995 10 26 14   250   170 10157   240    21     0 -9999     0
1995 10 26 15   272   185 10143     0     0     1 -9999 -9999
1995 10 26 18   250   170 10157   240    21     0 -9999     0
1995 10 27 06   242   161 10175   280    21     6 -9999     0
1995 10 27 09   270   207 10176   240    41     5 -9999 -9999
1995 10 27 12   240   213 10173   280    41     8 -9999     1
1995 10 27 15   228   204 10172   100    10     8 -9999 -9999
1995 10 27 18   227   194 10189   180    31     8 -9999 -9999
1995 10 28 06   215   191 10180   220    31     8 -9999 -9999
1995 10 28 09   224   179 10172   220    21 -9999 -9999 -9999
1995 10 28 12   225   177 10166   240    21     8 -9999     0
1995 10 28 15   216   177 10156   100    10     7 -9999 -9999
1995 10 28 18   209   177 10166   200    21     8 -9999 -9999
1995 10 29 06   208   159 10175     0     0     7 -9999 -9999
1995 10 29 09   230   150 10170   360    10     7 -9999 -9999
1995 10 29 12   228   138 10158   280    31     6 -9999     0
1995 10 29 15   220   144 10157   360    10     6 -9999 -9999
1995 10 29 18   206   147 10167   220    10     7 -9999     0
1995 10 30 06   203   140 10192   180    10     6 -9999 -9999
1995 10 30 09   226   128 10198   280    21     3 -9999 -9999
1995 10 30 12   228   113 10188   300    21     2 -9999     0
1995 10 30 15   203   116 10186   340    10     1 -9999 -9999
1995 10 30 18   174   118 10195     0     0     1 -9999     0
1995 10 31 06   166    82 10180    60    10     0 -9999     0
1995 10 31 12   239   135 10155   360    51     0 -9999     0
1995 10 31 15   227   136 10149   360    31     0 -9999 -9999
1995 10 31 18   187   113 10146   200    10     1 -9999     0
1995 11 01 06   190   132 10124    40    10     1 -9999     0
1995 11 01 09   236   138 10113   340    21     4 -9999 -9999
1995 11 01 12   228   150 10107   240    21     7 -9999     0
1995 11 01 15   192   137 10092     0     0     4 -9999 -9999
1995 11 01 18   182   157 10100   180    10     6 -9999 -9999
1995 11 02 06   180   154 10108   100    10     7 -9999 -9999
1995 11 02 09   214   161 10105     0     0     5 -9999 -9999
1995 11 02 12   208   165 10092   280    41     6 -9999     0
1995 11 02 15   204   158 10101   280    21     7 -9999 -9999
1995 11 03 06   270   142 10121   240    51     6 -9999 -9999
1995 11 03 09   192   144 10144   240    51     7 -9999 -9999
1995 11 03 11   203   121 10144   240    21     5 -9999 -9999
1995 11 03 12   212   133 10137   200    62     6 -9999     0
1995 11 03 15   203   121 10144   240    21     5 -9999 -9999
1995 11 03 18   158   109 10159     0     0     3 -9999     0
1995 11 04 06   190   120 10178     0     0     1 -9999 -9999
1995 11 04 09   249   128 10175   260    41     2 -9999 -9999
1995 11 04 12   244   164 10171   320    21     0 -9999     0
1995 11 04 15   211   151 10172     0     0     0 -9999 -9999
1995 11 04 18   184   133 10181   140    10     0 -9999     0
1995 11 05 06   170   121 10173     0     0     0 -9999     0
1995 11 05 09   264    94 10170    60    21     1 -9999 -9999
1995 11 05 12   276    92 10162    60    10     1 -9999     0
1995 11 05 15   230   125 10162   180    10     2 -9999 -9999
1995 11 05 18   180   100 10166     0     0     2 -9999     0
1995 11 06 00   180   100 10166     0     0     2 -9999     0
1995 11 06 06   204   152 10163   200    10     3 -9999     0
1995 11 06 09   245   171 10153    20    31     1 -9999 -9999
1995 11 06 12   241   178 10133   300    10     3 -9999     0
1995 11 06 18   165   111 10123   180    10     1 -9999     0
1995 11 07 06   240    80 10059   220    21     7 -9999     0
1995 11 07 09   245   150 10044   240    41     7 -9999 -9999
1995 11 07 12   198   139 10052   240    62     8 -9999     0
1995 11 07 13   198   139 10052   240    62     8 -9999 -9999
1995 11 07 15   182   133 10063   240    41     7 -9999 -9999
1995 11 07 18   187   130 10074   240    51     7 -9999 -9999
1995 11 08 06   151   104 10124   220    41     7 -9999 -9999
1995 11 08 09   175    92 10135   240    62     7 -9999 -9999
1995 11 08 12   182   100 10139   220    72     6 -9999     5
1995 11 08 15   178    88 10143   220    51     7 -9999 -9999
1995 11 08 18   165    72 10145   200    41     7 -9999     0
1995 11 09 12   171   119 10161   220    41     6 -9999 -9999
1995 11 09 15   150   128 10151   200    31     8 -9999 -9999
1995 11 10 06   154   100 10161   220    41     7 -9999 -9999
1995 11 10 09   177   101 10159   220    51     7 -9999 -9999
1995 11 10 12   179   129 10152   220    72     7 -9999 -9999
1995 11 10 15   165    72 10180   240    62     7 -9999 -9999
1995 11 10 18   162    85 10204   300    72     6 -9999     0
1995 11 11 06   120    33 10247    80    10     0 -9999 -9999
1995 11 11 09   159    18 10252    40    31     0 -9999 -9999
1995 11 11 15   146    20 10253    80    10     0 -9999 -9999
1995 11 11 18   112   -17 10257    60    10     0 -9999     0
1995 11 12 06   102    32 10245   160    10     0 -9999     0
1995 11 12 09   159    33 10232   320    10     0 -9999 -9999
1995 11 12 12   171    23 10215   280    21     0 -9999     0
1995 11 12 18   108    48 10212   160    10     0 -9999     0
1995 11 13 06   104    72 10207   140    10     5 -9999     0
1995 11 13 09   166    40 10210    40    21     6 -9999 -9999
1995 11 13 12   180    26 10194   360    31     5 -9999     0
1995 11 13 15   152    39 10196   120    10     2 -9999 -9999
1995 11 13 18   114    53 10211   180    10     0 -9999     0
1995 11 14 06   108    66 10223   160    10     0 -9999     0
1995 11 14 09   188    53 10226    40    10     0 -9999 -9999
1995 11 14 12   216    58 10217    40    21     0 -9999     0
1995 11 14 15   175    56 10218    80    21     0 -9999 -9999
1995 11 14 18   114    48 10222   160    10     0 -9999     0
1995 11 15 06   124    45 10237   160    10     0 -9999     0
1995 11 15 09   211    80 10230    40    31     0 -9999 -9999
1995 11 15 12   227    83 10218    40    21     0 -9999     0
1995 11 15 15   165    72 10219    40    10     1 -9999 -9999
1995 11 15 18   127    57 10223   160    10     0 -9999     0
1995 11 16 06   130    53 10208   160    10     2 -9999     0
1995 11 16 09   219    93 10190    40    51     1 -9999 -9999
1995 11 16 12   228    62 10175    20    31     6 -9999     0
1995 11 16 15   180    95 10171   220    10     5 -9999 -9999
1995 11 17 06   152   100 10173   100    10 -9999 -9999     0
1995 11 17 09   216    87 10171    40    10     1 -9999 -9999
1995 11 17 12   232    90 10161   200    10     3 -9999     0
1995 11 17 15   190   105 10161   180    10     5 -9999 -9999
1995 11 18 06   150   126 10171   140    10     1 -9999     0
1995 11 18 09   215   128 10160   360    10     0 -9999 -9999
1995 11 18 12   214   135 10149   260    41     0 -9999     0
1995 11 18 15   192   129 10158   200    21     5 -9999 -9999
1995 11 18 18   177   120 10167   200    21     4 -9999     0
1995 11 19 06   182    92 10164   200    31     2 -9999     0
1995 11 19 09   219   117 10163   220    51     3 -9999 -9999
1995 11 19 12   216   134 10145   260    41     2 -9999     0
1995 11 19 15   194   134 10144   200    31     2 -9999 -9999
1995 11 19 18   161   132 10151     0     0 -9999 -9999     0
1995 11 20 06   203    46 10123   220    51     1 -9999     0
1995 11 20 09   246    69 10119   260    51     1 -9999 -9999
1995 11 20 12   240   113 10107   240    51     1 -9999     0
1995 11 20 15   214    79 10107   200    41     1 -9999 -9999
1995 11 20 18   202    73 10121   140    10     1 -9999     0
1995 11 21 06   157   147 10144   200    31     7 -9999 -9999
1995 11 21 09   197   132 10143   220    51     4 -9999 -9999
1995 11 21 12   198   135 10136   220    41     7 -9999     0
1995 11 21 15   156   115 10145   220    62     7 -9999 -9999
1995 11 21 18   140   122 10163   180    31     7 -9999 -9999
1995 11 21 21 -9999 -9999 10163   180    31     7 -9999 -9999
1995 11 22 06   153    89 10119   220    31     5 -9999 -9999
1995 11 22 09   203    69 10106   200    87     4 -9999 -9999
1995 11 22 12   205    54 10084   220    87     5 -9999     0
1995 11 22 15   138   102 10098   240    82     8 -9999 -9999
1995 11 22 18   125   110 10113   220    62     8 -9999 -9999
1995 11 23 06   110    80 10133   260    72     8 -9999 -9999
1995 11 23 09   102    70 10132   180    41     8 -9999 -9999
1995 11 23 12   134    74 10129   200    72     7 -9999    80
1995 11 23 15   126    34 10154   260    31     6 -9999 -9999
1995 11 23 18   110    40 10157   200    31     8 -9999     0
1995 11 24 09   138    58 10181   240    72     8 -9999 -9999
1995 11 24 12   118    61 10181   240    51     7 -9999     0
1995 11 24 15   107    67 10197   180    21     8 -9999 -9999
1995 11 24 18   116    59 10215   280    41     8 -9999 -9999
1995 11 25 06   108    39 10239   180    10     4 -9999 -9999
1995 11 25 12   145    41 10244   320    31     4 -9999     0
1995 11 25 15   109    47 10245     0     0     3 -9999 -9999
1995 11 25 18    90    52 10251   160    10     2 -9999     0
1995 11 26 06    78    45 10248    80    10     0 -9999     0
1995 11 26 09    78    45 10248    80    10     0 -9999     0
1995 11 26 12   158     4 10226   360    10     0 -9999     0
1995 11 26 15   122    40 10226   100    10     0 -9999 -9999
1995 11 26 18    80    34 10228   200    10     0 -9999     0
1995 11 27 06    88    34 10227   140    10     0 -9999     0
1995 11 27 09   147    17 10220    40    10     0 -9999 -9999
1995 11 27 12   174    47 10215   290 -9999     3 -9999 -9999
1995 11 27 15   128    61 10218   120    10     0 -9999 -9999
1995 11 28 03   -48 -9999 10289     0     0     0 -9999 -9999
1995 11 28 06    87    54 10237   140    10     0 -9999     0
1995 11 28 09   164    56 10235    40    21     0 -9999 -9999
1995 11 28 15   138    78 10224   120    10     1 -9999 -9999
1995 11 28 18   102    73 10230   160    10     0 -9999     0
1995 11 29 06    94    68 10229   160    10     5 -9999     0
1995 11 29 09   158    78 10230    60    10     7 -9999 -9999
1995 11 29 12   172    70 10213   340    10     4 -9999     0
1995 11 29 15   128    78 10214   160    10 -9999 -9999 -9999
1995 11 29 18   108    62 10220   160    10     1 -9999     0
1995 11 30 06   107    77 10225   160    10     0 -9999     0
1995 11 30 09   176    85 10222    20    10     0 -9999 -9999
1995 11 30 12   185    98 10210   340    10     2 -9999     0
1995 11 30 15   149    93 10209   100    10     3 -9999 -9999
1995 11 30 18   114    85 10216   160    10     2 -9999     0
1995 12 01 06    97    70 10227   160    10 -9999 -9999     0
1995 12 01 09   170    75 10226    40    10     0 -9999 -9999
1995 12 01 12   196    82 10214    40    41     1 -9999     0
1995 12 01 15   151    64 10222    80    10     1 -9999 -9999
1995 12 01 18   104    61 10230   180    10     0 -9999     0
1995 12 02 05   174    44 10214    20    10     1 -9999 -9999
1995 12 02 06    69    44 10224   160    10     4 -9999     0
1995 12 02 09   174    44 10214    20    10     1 -9999 -9999
1995 12 02 12   198    50 10197    60    21     0 -9999     0
1995 12 02 15   136    77 10198   160    10     0 -9999 -9999
1995 12 02 18   104    61 10198   160    10     0 -9999     0
1995 12 03 06   116    65 10185   140    10     4 -9999     0
1995 12 03 09   182    44 10172    20    21     0 -9999 -9999
1995 12 03 12   197    46 10162    20    10     0 -9999     0
1995 12 03 15   152    63 10168    20    10     0 -9999 -9999
1995 12 03 18   121    44 10173   160    10     0 -9999     0
1995 12 04 06   100    55 10163   160    10     4 -9999     0
1995 12 04 09   100    55 -9999   160    10     4 -9999     0
1995 12 04 12   199    64 10131    40    41     6 -9999     0
1995 12 04 15   155    65 10133    80    21     8 -9999 -9999
1995 12 04 18   135    44 10134    80    21     8 -9999     0
1995 12 04 21   135    44 10134    80    21     8 -9999     0
1995 12 05 09   178    92 10140   340    10     6 -9999 -9999
1995 12 05 12   176   112 10149   200    21     7 -9999     0
1995 12 05 15   138    87 10173   220    21 -9999 -9999 -9999
1995 12 05 18   112    84 10190   180    10     4 -9999     0
1995 12 06 06   101    81 10228   160    10     0 -9999     0
1995 12 06 09   171    84 10231    20    21     0 -9999 -9999
1995 12 06 12   186    70 10217   360    21     0 -9999     0
1995 12 06 15   153    91 10217   140    10     1 -9999 -9999
1995 12 06 18   125    91 10221   100    10     1 -9999     0
1995 12 07 06   105    74 10215   180    10     4 -9999     0
1995 12 07 09   163    92 10205    20    10     4 -9999 -9999
1995 12 07 12   187    69 10181    40    21     6 -9999     0
1995 12 07 15   150    98 10183   180    10     6 -9999 -9999
1995 12 07 18   134    93 10185   140    10     6 -9999     0
1995 12 08 06   102    92 10186   180    10     1 -9999     0
1995 12 08 12   188    50 10176    40    31     1 -9999     0
1995 12 08 15   150    65 10185    40    10     1 -9999 -9999
1995 12 09 00   150    65 10185    40    10     1 -9999 -9999
1995 12 09 06   135    74 10184   160    10     3 -9999     0
1995 12 09 12   156    88 10171    60    51     8 -9999     0
1995 12 09 15   131    96 10185    80    10     8 -9999 -9999
1995 12 09 18   126    95 10182   180    21     8 -9999 -9999
1995 12 10 06   122    93 10184   160    10     7 -9999 -9999
1995 12 10 09   150    89 10184   260    21     7 -9999 -9999
1995 12 10 12   123    95 10176   180    21     7 -9999 -9999
1995 12 10 15   134    69 10179   200    21     5 -9999 -9999
1995 12 10 18   123    85 10182   140    10     7 -9999 -9999
1995 12 11 06   113    83 10163   180    31     8 -9999 -9999
1995 12 11 09    94    81 10170   220    41     8 -9999 -9999
1995 12 11 12   118    74 10154   200    21     8 -9999   100
1995 12 11 15   102    74 10158   220    10     8 -9999 -9999
1995 12 11 18   108    64 10165   200    21     8 -9999    10
1995 12 12 06   113    64 10166   200    21     6 -9999 -9999
1995 12 12 09   147    54 10175   220    41     4 -9999 -9999
1995 12 12 15   113    67 10187   140    10     5 -9999 -9999
1995 12 12 18   127    51 10191   200    21     6 -9999     0
1995 12 13 04   113    65 10214   200    21     6 -9999 -9999
1995 12 13 06   113    65 10214   200    21     6 -9999 -9999
1995 12 13 12   156    54 10214   220    41     3 -9999     0
1995 12 13 15   123    73 10225   160    10     7 -9999 -9999
1995 12 13 18    96    65 10233   140    10     2 -9999 -9999
1995 12 14 06    68    44 10240   160    10     4 -9999 -9999
1995 12 14 09   138    58 10234    60    10     7 -9999 -9999
1995 12 14 15   120    57 10217   100    10     2 -9999 -9999
1995 12 14 18    98    65 10217   100    10     0 -9999     0
1995 12 15 06    65    39 10216   180    10     4 -9999     0
1995 12 15 09   133    39 10215    20    10     1 -9999 -9999
1995 12 15 12   148    56 10208    40    41     0 -9999     0
1995 12 15 15   110    49 10217    80    10     0 -9999 -9999
1995 12 15 18    70    43 10228   140    10     0 -9999     0
1995 12 16 06    70    38 10241   160    21     2 -9999     0
1995 12 16 12   163    37 10215   320    21     4 -9999     0
1995 12 16 15   117    55 10219     0     0     5 -9999 -9999
1995 12 16 18   114    71 10222    60    31     8 -9999 -9999
1995 12 17 06   110    66 10227     0     0     7 -9999 -9999
1995 12 17 09   113    62 10233    40    10     2 -9999 -9999
1995 12 17 12   148    50 10220    20    31     1 -9999     0
1995 12 17 15   112    46 10227    80    21     1 -9999 -9999
1995 12 18 06    50    28 10250   140    10     1 -9999     0
1995 12 18 09   126    46 10252    60    31     0 -9999 -9999
1995 12 18 12   143    34 10234    40    21     0 -9999     0
1995 12 18 15   102    45 10241    80    21     1 -9999 -9999
1995 12 18 18    62    32 10251   160    10     1 -9999     0
1995 12 19 06    40    19 10252   120    10     0 -9999     0
1995 12 19 09   127    36 10247    40    31     0 -9999 -9999
1995 12 19 15   112    50 10231    80    21     1 -9999 -9999
1995 12 19 18    64    24 10231   140    10     0 -9999     0
1995 12 20 15   126    60 10200    80    21     5 -9999 -9999
1995 12 20 18    94    56 10200    80    21     2 -9999     0
1995 12 21 06    64    42 10204   200    10     5 -9999     0
1995 12 21 09   151    73 10204    40    31     6 -9999 -9999
1995 12 21 12   175    78 10192    40    41     6 -9999     0
1995 12 21 15   144    82 10195    60    31     6 -9999 -9999
1995 12 21 18    98    65 10199     0     0     4 -9999     0
1995 12 22 06   102    78 10211   140    10     5 -9999     0
1995 12 22 09   149    88 10215    40    31     0 -9999 -9999
1995 12 22 12   165    92 10201    40    41     0 -9999     0
1995 12 22 15   141    89 10203    60    21     0 -9999 -9999
1995 12 22 18    96    76 10215   120    10     0 -9999     0
1995 12 23 09   150    83 10233    60    10     7 -9999 -9999
1995 12 23 12   178    94 10217    40    41     1 -9999     0
1995 12 23 15   135    83 10220   140    10     0 -9999 -9999
1995 12 23 18    94    76 10222   140    10     0 -9999     0
1995 12 24 09   155    78 10226   360    10     1 -9999 -9999
1995 12 24 12   178   104 10218   300    10 -9999 -9999     0
1995 12 24 18   119   100 10228   160    10     4 -9999     0
1995 12 24 21   134    74 10230    80    21     0 -9999 -9999
1995 12 25 06   124    40 10221   220    21     2 -9999     0
1995 12 25 09   180    62 10217   260    10     5 -9999 -9999
1995 12 25 12   172   113 -9999   260    31     6 -9999     0
1995 12 25 15   160   110 10211   240    31     7 -9999 -9999
1995 12 25 18   124   100 10207   260    10     7 -9999     0
1995 12 26 09   185   110 10224   200    31     6 -9999 -9999
1995 12 26 12   179   117 10213   240    41     7 -9999     0
1995 12 26 15   166   124 10218   200    31     5 -9999 -9999
1995 12 26 18   140   114 10232   180    21     3 -9999     0
1995 12 27 06   106    86 10239   160    10     1 -9999     0
1995 12 27 09   177   115 10238    20    21     0 -9999 -9999
1995 12 27 12   183   125 10227   340    21     0 -9999     0
1995 12 27 15   151   120 10232   100    10     1 -9999 -9999
1995 12 27 18   140   120 10237   100    10     1 -9999     0
1995 12 28 06   105    90 10225   140    10     0 -9999     0
1995 12 28 09   177   117 10227   300    10     0 -9999 -9999
1995 12 28 12   184   115 10218   320    10     2 -9999     0
1995 12 28 15   158   123 10229   140    10     4 -9999 -9999
1995 12 28 18   120   100 10232   160    10     0 -9999     0
1995 12 29 06   104    85 10240   160    10     1 -9999     0
1995 12 29 09   164   100 10242   340    10     0 -9999 -9999
1995 12 29 12   182   102 10217    20    10     2 -9999     0
1995 12 29 15   156   116 10217   120    10     2 -9999 -9999
1995 12 29 18   160    94 10217     0     0     0 -9999     0
1995 12 30 06    96    62 10182   160    10     7 -9999     0
1995 12 30 09   181    94 10179   280    31     2 -9999 -9999
1995 12 30 12   196   118 10162   280    21     5 -9999     0
1995 12 30 15   161   110 10164   160    10     4 -9999 -9999
1995 12 30 18   130   102 10170   180    10     4 -9999     0
1995 12 31 06   132   106 10182     0     0     7 -9999     0
1995 12 31 09   180   116 10185   220    21     6 -9999 -9999
1995 12 31 12   183   133 10171   280    31     4 -9999     0
1995 12 31 15   150   124 10171     0     0     2 -9999 -9999
1995 12 31 18   127 -9999 10185   160    10     3 -9999     0
